loss: 1.0728614330291748, accuracy: 0.5024999976158142 
loss: 0.7273790240287781, accuracy: 0.5724999904632568 
loss: 0.6572575569152832, accuracy: 0.5674999952316284 
