time: 1652076683.615327 
time: 1652076746.721833 
time: 1652076807.893276 
